[118, 98, 102, 111, 103, 117, 108, 109, 111, 118, 98, 122, 116, 106, 108, 114, 118, 122, 111, 100]
[111, 90, 77, 101, 79, 100, 82, 94, 96, 110, 69, 108, 93, 78, 96, 107, 111, 114, 86, 90] Llave[120, 119, 102, 117, 103, 110, 101, 112, 112, 119, 98, 113, 104, 99, 115, 120] 
[111, 90, 77, 101, 79, 100, 82, 94, 96, 110, 69, 108, 93, 78, 96, 107, 111, 114, 86, 90] Llave[111, 90] 
[95, 53, 61, 64, 63, 63, 66, 57, 80, 73, 53, 71, 77, 41, 80, 70, 95, 77, 70, 53] Llave[111, 90] 
[95, 53, 61, 64, 63, 63, 66, 57, 80, 73, 53, 71, 77, 41, 80, 70, 95, 77, 70, 53] Llave[77, 101] 
[45, 27, 11, 38, 13, 37, 16, 31, 30, 47, 3, 45, 27, 15, 30, 44, 45, 51, 20, 27] Llave[77, 101] 
[45, 27, 11, 38, 13, 37, 16, 31, 30, 47, 3, 45, 27, 15, 30, 44, 45, 51, 20, 27] Llave[79, 100] 
[125, 0, 91, 11, 93, 10, 96, 4, 110, 20, 83, 18, 107, 116, 110, 17, 125, 24, 100, 0] Llave[79, 100] 
[125, 0, 91, 11, 93, 10, 96, 4, 110, 20, 83, 18, 107, 116, 110, 17, 125, 24, 100, 0] Llave[82, 94] 
[80, 95, 46, 106, 48, 105, 51, 99, 65, 115, 38, 113, 62, 83, 65, 112, 80, 119, 55, 95] Llave[82, 94] 
[80, 95, 46, 106, 48, 105, 51, 99, 65, 115, 38, 113, 62, 83, 65, 112, 80, 119, 55, 95] Llave[96, 110] 
[49, 78, 15, 89, 17, 88, 20, 82, 34, 98, 7, 96, 31, 66, 34, 95, 49, 102, 24, 78] Llave[96, 110] 
[49, 78, 15, 89, 17, 88, 20, 82, 34, 98, 7, 96, 31, 66, 34, 95, 49, 102, 24, 78] Llave[69, 108] 
[119, 59, 85, 70, 87, 69, 90, 63, 104, 79, 77, 77, 101, 47, 104, 76, 119, 83, 94, 59] Llave[69, 108] 
[119, 59, 85, 70, 87, 69, 90, 63, 104, 79, 77, 77, 101, 47, 104, 76, 119, 83, 94, 59] Llave[93, 78] 
[85, 10, 51, 21, 53, 20, 56, 14, 70, 30, 43, 28, 67, 126, 70, 27, 85, 34, 60, 10] Llave[93, 78] 
[85, 10, 51, 21, 53, 20, 56, 14, 70, 30, 43, 28, 67, 126, 70, 27, 85, 34, 60, 10] Llave[96, 107] 
[54, 118, 20, 1, 22, 0, 25, 122, 39, 10, 12, 8, 36, 106, 39, 7, 54, 14, 29, 118] Llave[96, 107] 
[54, 118, 20, 1, 22, 0, 25, 122, 39, 10, 12, 8, 36, 106, 39, 7, 54, 14, 29, 118] Llave[111, 114] 
[38, 105, 4, 116, 6, 115, 9, 109, 23, 125, 124, 123, 20, 93, 23, 122, 38, 1, 13, 105] Llave[111, 114] 
[38, 105, 4, 116, 6, 115, 9, 109, 23, 125, 124, 123, 20, 93, 23, 122, 38, 1, 13, 105] Llave[86, 90] 
[125, 68, 91, 79, 93, 78, 96, 72, 110, 88, 83, 86, 107, 56, 110, 85, 125, 92, 100, 68] Llave[86, 90] 
[68, 100, 92, 125, 85, 110, 56, 107, 86, 83, 88, 110, 72, 96, 78, 93, 79, 91, 68, 125] Llave[111, 90] 
[52, 63, 76, 88, 69, 73, 40, 70, 70, 46, 72, 73, 56, 59, 62, 56, 63, 54, 52, 88] Llave[111, 90] 
[52, 63, 76, 88, 69, 73, 40, 70, 70, 46, 72, 73, 56, 59, 62, 56, 63, 54, 52, 88] Llave[77, 101] 
[2, 37, 26, 62, 19, 47, 118, 44, 20, 20, 22, 47, 6, 33, 12, 30, 13, 28, 2, 62] Llave[77, 101] 
[2, 37, 26, 62, 19, 47, 118, 44, 20, 20, 22, 47, 6, 33, 12, 30, 13, 28, 2, 62] Llave[79, 100] 
[82, 10, 106, 35, 99, 20, 70, 17, 100, 121, 102, 20, 86, 6, 92, 3, 93, 1, 82, 35] Llave[79, 100] 
[82, 10, 106, 35, 99, 20, 70, 17, 100, 121, 102, 20, 86, 6, 92, 3, 93, 1, 82, 35] Llave[82, 94] 
[37, 105, 61, 2, 54, 115, 25, 112, 55, 88, 57, 115, 41, 101, 47, 98, 48, 96, 37, 2] Llave[82, 94] 
[37, 105, 61, 2, 54, 115, 25, 112, 55, 88, 57, 115, 41, 101, 47, 98, 48, 96, 37, 2] Llave[96, 110] 
[6, 88, 30, 113, 23, 98, 122, 95, 24, 71, 26, 98, 10, 84, 16, 81, 17, 79, 6, 113] Llave[96, 110] 
